thread id: 34name Notifier priority 5
30581318
30583290
30584519
30585294
30589599
30594399
30600464
30604311
30609677
30614730
30619626
30624686
30629601
30635084
30640060
30645147
30650119
30655003
30660427
30664520
30670424
30675304
30679840
30684643
30689568
30694299
30699909
30704632
30710176
30715207
30720019
30724617
30730068
30735093
30739702
30745379
30750433
30755100
30759291
30765240
30769516
30775222
30780128
30785001
30789813
30795075
30799590
30805149
30809547
30815216
30820151
30824401
30829289
30834808
30839659
30844879
30849327
30854734
30860270
30864776
30869395
30874565
30880086
30885144
30889537
30894613
30900614
30904902
30910158
30915161
30919754
30924409
30930036
30934355
30940779
30945103
30949983
30955020
30959865
30964597
30969793
30975173
30980561
30985023
30989386
30994359
30999893
31004976
31009625
31015132
31019551
31024350
31029308
31034316
31040273
31044534
31049633
31054347
31059449
31064360
31069418
31074370
31080001
31084321
31089532
31094444
31099831
31104304
31109554
31114710
31119358
31124287
31129285
31134470
31140130
31144320
31149306
31154288
31159432
31164308
31169304
31174330
31180790
31184589
31189326
31194438
31199581
31204466
31209273
31214463
31219523
31224335
31229301
31234323
31240396
31244597
31288869
31315541
31315613
31317844
31319017
31322367
31323339
31325152
31326304
31327426
31329878
31331318
31332878
31334268
31335484
31336919
31338643
31340662
31342272
31345834
31349390
31354564
31359675
31364325
31369461
31374709
31379683
31384680
31389339
31394327
31399869
31404845
31409477
31414295
31420660
31425454
31429789
31435246
31439679
31444460
31452066
31454689
31460884
31464532
31469321
31474324
31479895
31484589
31489521
31494326
31500316
31504335
31512021
31522203
31525071
31527759
31531469
31534995
31539707
31544594
31549779
31554346
31560007
31564324
31570146
31574321
31579751
31585697
31594221
31599831
31605421
31609816
31613191
31615554
31620093
31626514
31631651
31635032
31640335
31644358
31650174
31654525
31659768
31664361
31669476
31674313
31679548
31685067
31689667
31694351
31700427
31704878
31709885
31714570
31719855
31724601
31729661
31735157
31739485
31744668
31749708
31754415
31759836
31764522
31769449
31774625
31779954
31784510
31789952
31794453
31799931
31805124
31809342
31814522
31820989
31824664
31830103
31835234
31840122
31844818
31849411
31855532
31859984
31865053
31869371
31875092
31879758
31884413
31889445
31894410
31900923
31904889
31909285
31914438
31920124
31924673
31929649
31934451
31939529
31944371
31949679
31954649
31959930
31964531
31969760
31974288
31981411
31984800
31989882
31994624
31999407
32004605
32009591
32014288
32020077
32024915
32029626
32034478
32039570
32044308
32049438
32054429
32059969
32065105
32069342
32074491
32079478
32084505
32089430
32094496
32099670
32104296
32109276
32114338
32119695
32124539
32129577
32134717
32139485
32144292
32149550
32154465
32159639
32164814
32169356
32174410
32179932
32184876
32189616
32194568
32200190
32204574
32209667
32214706
32219695
32224738
32229952
32234568
32239895
32244911
32249564
32254576
32259279
32264372
32269934
32274768
32279621
32284564
32289502
32294450
32299898
32304343
32309632
32314645
32319556
32324595
32329659
32334558
32339631
32344365
32349522
32354907
32359426
32364526
32369322
32374686
32380176
32384679
32389435
32394434
32399447
32404537
32409293
32414963
32419979
32424427
32429508
32434487
32439356
32444553
32449549
32454471
32459500
32464455
32469707
32474564
32479712
32484569
32489404
32494400
32499916
32504311
32509343
32514369
32519432
32524386
32529337
32534379
32539342
32544350
32549302
32554424
32559905
32564330
32569321
32574303
32579479
32584321
32589378
32594305
32599665
32604431
32609346
32614348
32619375
32624327
32629596
32634352
32639989
32644368
32649428
32654351
32659378
32664356
32669326
32674361
32679324
32684304
32689312
32694341
32699399
32704301
32709552
32714328
32719385
32724375
32729322
32734365
32739580
32744318
32749372
32754344
32759381
32764352
32769367
32774507
32779448
32784358
32789361
32794351
32799555
32804315
32809355
32814382
32819500
32824389
32829349
32834479
32839523
32844367
32849334
32854374
32859444
32864310
32869373
32874330
32879568
32884331
32889394
32894361
32899387
32904318
32909356
32914343
32919846
32924341
32929316
32934326
32939348
32944319
32949368
32954331
32959313
32964361
32969425
32974311
32979379
32984332
32989322
32994326
32999873
33004321
33009324
33014348
33019497
33024334
33029330
33034345
33039526
33044304
33049581
33054369
33059330
33064309
33069331
33074329
33079610
33084346
33089326
33094318
33099452
33104307
33109349
33114354
33119780
33124529
33129353
33134325
33139636
33144314
33149370
33154338
33159360
33164430
33169352
33174316
33179375
33184333
33189331
33194374
33199372
33204365
33209351
33214309
33219473
33224360
33229371
33234313
33239370
33244315
33249357
33254307
33259364
33264347
33269329
33274326
33279508
33284340
33289371
33294556
33299352
33304306
33309344
33314376
33319591
33324592
33329369
33334370
33339469
33344367
33349369
33354564
33360322
33364320
33369314
33374366
33379876
33384354
33389342
33394318
33399359
33404358
33409379
33414329
33419405
33424309
33429311
33434367
33439451
33444318
33449597
33454370
33459886
33464435
33469430
33474356
33479506
33484358
33489340
33494373
33499866
33504373
33509297
33514361
33519382
33524430
33529342
33534413
33539358
33544374
33549338
33554367
33559378
33564322
33569341
33574336
33579327
33584326
33589335
33594331
33599379
33604336
33609351
33614427
33619686
33624331
33629367
33634440
33639353
33644338
33649566
33654319
33659372
33664356
33669303
33674314
33679851
33684309
33689329
33694534
33699336
33704362
33709347
33714354
33719563
33724310
33729338
33734348
33739360
33744309
33749374
33754310
33759357
33764314
33769347
33774394
33779372
33784352
33789426
33794414
33799692
33804372
33809322
33814328
33819385
33824416
33829309
33834367
33839551
33844304
33849337
33854366
33859349
33864378
33869343
33874368
33879633
33884330
33889319
33894429
33899645
33904322
33909408
33914312
33919437
33924354
33929342
33934379
33939622
33944313
33949322
33954366
33959373
33964324
33969298
33974342
33979415
33984463
33989368
33994400
33999663
34004324
34009327
34014320
34019563
34024312
34029319
34034311
34039617
34044446
34049303
34054319
34059486
34064312
34069341
34074332
34079611
34084311
34089374
34094563
34099357
34104354
34109348
34114376
34120158
34124305
34129348
34134400
34139589
34144311
34149354
34154340
34159429
34164308
34169338
34174383
34179500
34184310
34189586
34194354
34199456
34204353
34209483
34214439
34219368
34224337
34229370
34234574
34239474
34244312
34249727
34254442
34259602
34264350
34269331
34274369
34279502
34284332
34289341
34294334
34299354
34304310
34309362
34314334
34319753
34324307
34329374
34334362
34339896
34344376
34349426
34354590
34359352
34364361
34369353
34374384
34379822
34384382
34389375
34394376
34399583
34404347
34409372
34414339
34419342
34424381
34429373
34434314
34439496
34444338
34449378
34454335
34459735
34464430
34469310
34474305
34479321
34484346
34490903
34494353
34499925
34504647
34509320
34514343
34519645
34524357
34529405
34534344
34539663
34544399
34549340
34554320
34559370
34564457
34569464
34574321
34579358
34584377
34589421
34594307
34599483
34604301
34609447
34614345
34619377
34624495
34629416
34634351
34639903
34665124
34668583
34670080
34670920
34672412
34672653
34674338
34679655
34684384
34689374
34694357
34699534
34704364
34709413
34714419
34719405
34724368
34729464
34734441
34739646
34744449
34749446
34754396
34759451
34764346
34769394
34774380
34779383
34784344
34789440
34794462
34799532
34804349
34809385
34814410
34819624
34824358
34829424
34834471
34839479
34844475
34849347
34854406
34859663
34864402
34869355
34874398
34879523
34884418
34889356
34894397
34899484
34904401
34909390
34914331
34919396
34924327
34929397
34934383
34939545
34944412
34949495
34954425
34959417
34964445
34969425
34974383
34979391
34984399
34989405
34994388
34999421
35004383
35009481
35014358
35019372
35024358
35029388
35034361
35039438
35044329
35049392
35054365
35059370
35064363
35069461
35074339
35079514
35084355
35089415
35094433
35099469
35104372
35109332
35114329
35119373
35124328
35129393
35134361
35139370
35144360
35149370
35154381
35159588
35164385
35169383
35174372
35179444
35184401
35189385
35194368
35199432
35204449
35209335
35214397
35219430
35224333
35229375
35234390
35239570
35244361
35249354
35254394
35259396
35264345
35269397
35274396
35279428
35284405
35289378
35294384
35299453
35304325
35309362
35314338
35319361
35324388
35329386
35334368
35339427
35344373
35349463
35354387
35359553
35364331
35369395
35374402
35379341
35384376
35389440
35394349
35399409
35404344
35409509
35414368
35419319
35424356
35429349
35434350
35439492
35444466
35449438
35454354
35459411
35464341
35469411
35474387
35479552
35484372
35489330
35494390
35499394
35504311
35509365
35514400
35519454
35524360
35529366
35534393
35539384
35544355
35549343
35554325
35559411
35564338
35569394
35574357
35579506
35584360
35589371
35594356
35599452
35604419
35609361
35614327
35619419
35624350
35629354
35634378
35639425
35644331
35649344
35654382
35659470
35664423
35669375
35674380
35679373
35684379
35689351
35694443
35699426
35704349
35709561
35714372
35719395
35724475
35729472
35734377
35739367
35744432
35749363
35754391
35759368
35764339
35769359
35774322
35779432
35784354
35789430
35794444
35799430
35804357
35809397
35814401
35819432
35824401
35829321
35834360
35839441
35844371
35849375
35854335
35859367
35864371
35869424
35874321
35879436
35884508
35889363
35894388
35899378
35904343
35909401
35914370
35919417
35924466
35929373
35934332
35939471
35944372
35949356
35954374
35959402
35964406
35969400
35974407
35979314
35984391
35989338
35994389
35999390
36004410
36009401
36014360
36019435
36024315
36029478
36034370
36039447
36044356
36049349
36054408
36059450
36064332
36069446
36074347
36079496
36084317
36089336
36094378
36099375
36104378
36109380
36114367
36119409
36124377
36129369
36134341
36139543
36144401
36149376
36154343
36159452
36164482
36169337
36174429
36179383
36184421
36189373
36194366
36199376
36204358
36209347
36214445
36219430
36224368
36229366
36234397
36239454
36244399
36249392
36254365
36259437
36264372
36269360
36274415
36279357
36284370
36289327
36294450
36299487
36304366
36309389
36314421
36319349
36324375
36329385
36334455
36339540
36344484
36349343
36354339
36359423
36364372
36369360
36374398
36379338
36384403
36389389
36394360
36399403
36404438
36409357
36414374
36419461
36424450
36429365
36434331
36439428
36444412
36449349
36454365
36459431
36464354
36469346
36474401
36479446
36484377
36489425
36494466
36499373
36504358
36509359
36514351
36519444
36524463
36529348
36534426
36539498
36544318
36549348
36554399
36559347
36564350
36569324
36574339
36579520
36584364
36589386
36594350
36599372
36604385
36609408
36614349
36619433
36624405
36629375
36634423
36639428
36644338
36649360
36654427
36659445
36664362
36669472
36674340
36679429
36684361
36689379
36694340
36699416
36704385
36709437
36714432
36719462
36724349
36729390
36734397
36739451
36744324
36749329
36754317
36759365
36764393
36769345
36774405
36779410
36784406
36789323
36794377
36799332
36804343
36809377
36814343
36819401
36824392
36829385
36834344
36839420
36844343
36849353
36854344
36859374
36864376
36869382
36874321
36879507
36884475
36889363
36894356
36899426
36904344
36909368
36914388
36919370
36924380
36929454
36934369
36939548
36944369
36949362
36954357
36959430
36964325
36969438
36974341
36979463
36984416
36989372
36994352
36999370
37004404
37009421
37014362
37019506
37025173
37029437
37034399
37039425
37044396
37049356
37054329
37059401
37064353
37069349
37074345
37079429
37084407
37089444
37094339
37099384
37104382
37109431
37114324
37119451
37124341
37129397
37134337
37139507
37144346
37149368
37154353
37159369
37164358
37169355
37174378
37179317
37184355
37189364
37194364
37199371
37204382
37209388
37214356
37219407
37224349
37229359
37234401
37239415
37244401
37249344
37254357
37259323
37264398
37269349
37274350
37279447
37284329
37289437
37294330
37299435
37304351
37309351
37314350
37319434
37324424
37329356
37334380
37339416
37344344
37349354
37354383
37359679
37364392
37369414
37374415
37379489
37384408
37389337
37394387
37399413
37404351
37409378
37414361
37419362
37424381
37429425
37434374
37439410
37444364
37449367
37454337
37459405
37464414
37469366
37474413
37479421
37484402
37489376
37494331
37499478
37504369
37509391
37514340
37519440
37524342
37529349
37534373
37539487
37544368
37549395
37554377
37559423
37564326
37569358
37574343
37579461
37584330
37589353
37594394
37599444
37604505
37609391
37614370
37619437
37624340
37629362
37634420
37639388
37644340
37649368
37654380
37659391
37664360
37669312
37674474
37679471
37684355
37689375
37694357
37699506
37704356
37709357
37714349
37719352
37724341
37729368
37734354
37739377
37744416
37749348
37754438
37759618
37764351
37769421
37774503
37779455
37784380
37789343
37794400
37799438
37804358
37809425
37814340
37819433
37824353
37829362
37834412
37839476
37844379
37849355
37854403
37859414
37864390
37869339
37874352
37879421
37884340
37889357
37894354
37899426
37904403
37909329
37914381
37919373
37924351
37929404
37934361
37939342
37944351
37949488
37954384
37959428
37964345
37969370
37974346
37979457
37984402
37995461
37995936
37999358
38005028
38009902
38014373
38019818
38024298
38029301
38034437
38039441
38044282
38049297
38054279
38059955
38064529
38069438
38074286
38080025
38084468
38089348
38094562
38099380
38104437
38109531
38114381
38119477
38124415
38129361
38134767
38140286
38144427
38149375
38154273
38159725
38164301
38169408
38174401
38179834
38184519
38189340
38194351
38200237
38204524
38209360
38214374
38219687
38224423
38229290
38234404
38239389
38244669
38249429
38254374
38259976
38264363
38269343
38274369
38279924
38284293
38289341
38294342
38299737
38304417
38309333
38314437
38319425
38324351
38329296
38334489
38340096
38344273
38349308
38354278
38359367
38364314
38369357
38374354
38379775
38384318
38389289
38394405
38399857
38404453
38409559
38414309
38419768
38424330
38429359
38434678
38439595
38444414
38449338
38454271
38459511
38464303
38469401
38474355
38479468
38484331
38489303
38494270
38499737
38504541
38509375
38514371
38519971
38524259
38529348
38534268
38539370
38544270
38549319
38554419
38559876
38564330
38569343
38574288
38579492
38584265
38589328
38594374
38599563
38604323
38609369
38614430
38619856
38624274
38629320
38634392
38639390
38644358
38649277
38654266
38659346
38664273
38669337
38674303
38679658
38684266
38689561
38694327
38699385
38704348
38709279
38714407
38719630
38724349
38729273
38734361
38739517
38744463
38749267
38754451
38759660
38764377
38769345
38774493
38779596
38784412
38789366
38794279
38799537
38804386
38809304
38814314
38820083
38824293
38829409
38834270
38839864
38844323
38849365
38854352
38860489
38864364
38869322
38874304
38879882
38884360
38889351
38894320
38899636
38904367
38909339
38914282
38919295
38924266
38929436
38934536
38939999
38944272
38949366
38954355
38959347
38964361
38969282
38974359
38980453
38984511
38989326
38994338
38999560
39004353
39009280
39014329
39019734
39024269
39029357
39034250
39039800
39044343
39049682
39054343
39060097
39064506
39069406
39074416
39079415
39084280
39089284
39094274
39099582
39104470
39109346
39114386
39119707
39124328
39129506
39134590
39139524
39144355
39149318
39154393
39159501
39164389
39169325
39174281
39179427
39184283
39189471
39194293
39199652
39204346
39209575
39214276
39220898
39224560
39229268
39234328
39239377
39244336
39249450
39254278
39259332
39264564
39269396
39274300
39279724
39284335
39289331
39294399
39299278
39304443
39309365
39314329
39319534
39324433
39329356
39334324
39339418
39344397
39349284
39354400
39359382
39364279
39369301
39374376
39379302
39384268
39389727
39394528
39399335
39404485
39409332
39414272
39419354
39424458
39429302
39434272
39439445
39444261
39449271
39454259
39459617
39464353
39469352
39474314
39479542
39484278
39489294
39494347
39499544
39504302
39509426
39514380
39519480
39524360
39529281
39534279
39539772
39544286
39549351
39554448
39559654
39564254
39569267
39574379
39579383
39584557
39589383
39594308
39599710
39604266
39609291
39614374
39619574
39624334
39629274
39634283
39639303
39644744
39649340
39654269
39659406
39664384
39669337
39674449
39679323
39684406
39689333
39694281
39699348
39704342
39709769
39714279
39719579
39724348
39729343
39734324
39739286
39744326
39749350
39754373
39759734
39764461
39769457
39774350
39779484
39784358
39789337
39794281
39799396
39804409
39809309
39814381
39819858
39824404
39829314
39834365
39839479
39844344
39849262
39854254
39859341
39864355
39869319
39874482
39879857
39884284
39889264
39894342
39899345
39904617
39909444
39914386
39919536
39924347
39929341
39934291
39939590
39944344
39949349
39954261
39959632
39964357
39969251
39974407
39979339
39984360
39989290
39994364
39999432
40004259
40009331
40014304
40019461
40024403
40029309
40034330
40039512
40044314
40049598
40054371
40059559
40064269
40069391
40074262
40079740
40084288
40089436
40094264
40099564
40104373
40109306
40114280
40119398
40124439
40129498
40134355
40139876
40144344
40149273
40154321
40159559
40164370
40169317
40174255
40179451
40184287
40189466
40194335
40199811
40204413
40209326
40214265
40219704
40224315
40229288
40234386
40239638
40244273
40249292
40254354
40259368
40264276
40269274
40274276
40279331
40284569
40289638
40294333
40299940
40304370
40309340
40314275
40319513
40324287
40329286
40334468
40339395
40344361
40349343
40354325
40359589
40364378
40369372
40374351
40379790
40384445
40389348
40394356
40399386
40404347
40409351
40414296
40419538
40424259
40429340
40434360
40439415
40444526
40449483
40454306
40459333
40464275
40469269
40474399
40479297
40484405
40489497
40494965
40499358
40504442
40509462
40514285
40519569
40524331
40529275
40534354
40539391
40544312
40549516
40554413
40559629
40564275
40569357
40574258
40579408
40584374
40589497
40594344
40599384
40604278
40609318
40614401
40619684
40624331
40629346
40634379
40639540
40644277
40649366
40654291
40659403
40664307
40669272
40674342
40679262
40684323
40689296
40694260
40699497
40704360
40709382
40714395
40719504
40724258
40729292
40734347
40739661
40744284
40749383
40754352
40759618
40764471
40769494
40774262
40779354
40784419
40789436
40794362
40799431
40804346
40809454
40814276
40819602
40824374
40829429
40834394
40839332
40844309
40849358
40854856
40859280
40864288
40869437
40874663
40879271
40884287
40889336
40894343
40899780
40904275
40909348
40914397
40919414
40924507
40929321
40934404
40939934
40944285
40949423
40954354
40959571
40964280
40969380
